01053
06069
06088
06155
08105
10387
11069
13001
13047
13055
14118
17306
18033
20004
21231
25056
27229
28085
29019
30007
30189
31555
33063
34172
35238
37261
38053
38169
38185
42218
43157
44109
45234
49007
49328
51454
53130
54395
57463
59036
59183
59350
59512
59599
60057
60159
60175
62570
63113
64445
65440
66136
67482
68224
69123
69290
71076
72181
74010
75056
76351
76540
78646
80021
81004
81065
83137
84031
85191
86194
87085
90010
92012
92025
92026
92048
93010
93066
94017
94028
94037
94081
95127
95585
97409
97411
97414
97415
